568
 0.000	 0.000
 0.000	 1.000
 1.000	 1.000
 1.000	 0.000
 1.000	 0.950
 1.000	 0.900
 1.000	 0.850
 1.000	 0.800
 1.000	 0.750
 1.000	 0.700
 1.000	 0.650
 1.000	 0.600
 1.000	 0.550
 1.000	 0.500
 1.000	 0.450
 1.000	 0.400
 1.000	 0.350
 1.000	 0.300
 1.000	 0.250
 1.000	 0.200
 1.000	 0.150
 1.000	 0.100
 1.000	 0.050
 0.950	 0.000
 0.900	 0.000
 0.850	 0.000
 0.800	 0.000
 0.750	 0.000
 0.700	 0.000
 0.650	 0.000
 0.600	 0.000
 0.550	 0.000
 0.500	 0.000
 0.450	 0.000
 0.400	 0.000
 0.350	 0.000
 0.300	 0.000
 0.250	 0.000
 0.200	 0.000
 0.150	 0.000
 0.100	 0.000
 0.050	 0.000
 0.000	 0.050
 0.000	 0.100
 0.000	 0.150
 0.000	 0.200
 0.000	 0.250
 0.000	 0.300
 0.000	 0.350
 0.000	 0.400
 0.000	 0.450
 0.000	 0.500
 0.000	 0.550
 0.000	 0.600
 0.000	 0.650
 0.000	 0.700
 0.000	 0.750
 0.000	 0.800
 0.000	 0.850
 0.000	 0.900
 0.000	 0.950
 0.050	 1.000
 0.100	 1.000
 0.150	 1.000
 0.200	 1.000
 0.250	 1.000
 0.300	 1.000
 0.350	 1.000
 0.400	 1.000
 0.450	 1.000
 0.500	 1.000
 0.550	 1.000
 0.600	 1.000
 0.650	 1.000
 0.700	 1.000
 0.750	 1.000
 0.800	 1.000
 0.850	 1.000
 0.900	 1.000
 0.950	 1.000
 0.501	 0.502
 0.707	 0.707
 0.707	 0.293
 0.293	 0.707
 0.293	 0.293
 0.780	 0.500
 0.500	 0.220
 0.500	 0.780
 0.220	 0.500
 0.829	 0.829
 0.829	 0.171
 0.170	 0.831
 0.169	 0.170
 0.638	 0.566
 0.567	 0.360
 0.433	 0.640
 0.360	 0.433
 0.847	 0.640
 0.640	 0.153
 0.360	 0.847
 0.153	 0.360
 0.640	 0.846
 0.846	 0.360
 0.154	 0.640
 0.360	 0.154
 0.667	 0.445
 0.559	 0.666
 0.441	 0.334
 0.334	 0.559
 0.888	 0.535
 0.535	 0.112
 0.465	 0.888
 0.112	 0.465
 0.903	 0.741
 0.741	 0.097
 0.256	 0.897
 0.103	 0.256
 0.737	 0.890
 0.110	 0.737
 0.890	 0.263
 0.263	 0.110
 0.744	 0.597
 0.597	 0.256
 0.403	 0.744
 0.256	 0.403
 0.612	 0.746
 0.746	 0.388
 0.254	 0.612
 0.388	 0.254
 0.900	 0.900
 0.100	 0.900
 0.900	 0.100
 0.100	 0.100
 0.903	 0.437
 0.436	 0.097
 0.563	 0.903
 0.097	 0.564
 0.796	 0.740
 0.740	 0.204
 0.260	 0.796
 0.204	 0.260
 0.715	 0.793
 0.793	 0.285
 0.207	 0.715
 0.285	 0.207
 0.590	 0.491
 0.550	 0.571
 0.490	 0.411
 0.423	 0.549
 0.642	 0.652
 0.652	 0.358
 0.348	 0.642
 0.358	 0.348
 0.912	 0.817
 0.817	 0.088
 0.182	 0.918
 0.082	 0.182
 0.818	 0.918
 0.083	 0.821
 0.918	 0.182
 0.179	 0.083
 0.696	 0.515
 0.515	 0.304
 0.486	 0.701
 0.298	 0.485
 0.920	 0.608
 0.608	 0.080
 0.392	 0.920
 0.080	 0.392
 0.660	 0.925
 0.075	 0.660
 0.925	 0.340
 0.340	 0.075
 0.822	 0.431
 0.569	 0.822
 0.431	 0.178
 0.178	 0.569
 0.433	 0.461
 0.818	 0.568
 0.568	 0.182
 0.432	 0.818
 0.182	 0.432
 0.778	 0.668
 0.668	 0.222
 0.332	 0.778
 0.222	 0.332
 0.931	 0.677
 0.677	 0.069
 0.323	 0.931
 0.069	 0.323
 0.554	 0.433
 0.480	 0.585
 0.372	 0.500
 0.736	 0.448
 0.552	 0.737
 0.448	 0.264
 0.263	 0.552
 0.418	 0.395
 0.935	 0.485
 0.485	 0.065
 0.515	 0.935
 0.065	 0.515
 0.615	 0.407
 0.839	 0.500
 0.495	 0.159
 0.500	 0.839
 0.161	 0.500
 0.843	 0.696
 0.697	 0.157
 0.304	 0.843
 0.157	 0.303
 0.773	 0.842
 0.842	 0.227
 0.158	 0.773
 0.227	 0.158
 0.676	 0.759
 0.759	 0.324
 0.241	 0.676
 0.324	 0.241
 0.696	 0.645
 0.645	 0.303
 0.355	 0.696
 0.304	 0.355
 0.608	 0.612
 0.392	 0.603
 0.606	 0.940
 0.060	 0.606
 0.940	 0.394
 0.394	 0.060
 0.504	 0.645
 0.058	 0.942
 0.058	 0.058
 0.942	 0.942
 0.942	 0.058
 0.945	 0.773
 0.773	 0.055
 0.235	 0.944
 0.056	 0.235
 0.765	 0.944
 0.056	 0.765
 0.944	 0.235
 0.235	 0.056
 0.840	 0.780
 0.780	 0.160
 0.225	 0.847
 0.153	 0.225
 0.948	 0.553
 0.553	 0.052
 0.447	 0.948
 0.052	 0.447
 0.695	 0.851
 0.149	 0.695
 0.851	 0.305
 0.305	 0.149
 0.640	 0.512
 0.511	 0.358
 0.696	 0.569
 0.569	 0.304
 0.432	 0.696
 0.305	 0.432
 0.747	 0.544
 0.544	 0.253
 0.456	 0.747
 0.252	 0.454
 0.946	 0.867
 0.867	 0.054
 0.134	 0.947
 0.053	 0.134
 0.866	 0.947
 0.054	 0.867
 0.947	 0.134
 0.133	 0.054
 0.606	 0.690
 0.694	 0.388
 0.310	 0.606
 0.394	 0.310
 0.870	 0.587
 0.587	 0.130
 0.413	 0.870
 0.130	 0.413
 0.742	 0.749
 0.749	 0.258
 0.251	 0.742
 0.258	 0.251
 0.796	 0.617
 0.617	 0.204
 0.383	 0.796
 0.205	 0.381
 0.712	 0.947
 0.053	 0.712
 0.947	 0.288
 0.288	 0.053
 0.877	 0.852
 0.852	 0.123
 0.123	 0.852
 0.148	 0.123
 0.548	 0.523
 0.801	 0.389
 0.611	 0.801
 0.389	 0.199
 0.199	 0.611
 0.797	 0.794
 0.794	 0.203
 0.207	 0.798
 0.202	 0.207
 0.659	 0.711
 0.711	 0.340
 0.289	 0.659
 0.341	 0.289
 0.890	 0.382
 0.618	 0.890
 0.382	 0.110
 0.110	 0.618
 0.593	 0.541
 0.451	 0.508
 0.666	 0.806
 0.806	 0.334
 0.194	 0.666
 0.334	 0.194
 0.515	 0.453
 0.666	 0.609
 0.608	 0.332
 0.392	 0.665
 0.334	 0.391
 0.809	 0.875
 0.875	 0.191
 0.886	 0.668
 0.668	 0.114
 0.332	 0.886
 0.114	 0.332
 0.956	 0.440
 0.440	 0.044
 0.560	 0.956
 0.044	 0.560
 0.127	 0.808
 0.192	 0.127
 0.509	 0.552
 0.891	 0.488
 0.487	 0.109
 0.512	 0.891
 0.109	 0.512
 0.779	 0.432
 0.569	 0.779
 0.432	 0.221
 0.221	 0.568
 0.952	 0.718
 0.717	 0.048
 0.282	 0.952
 0.048	 0.283
 0.627	 0.455
 0.189	 0.876
 0.128	 0.190
 0.956	 0.637
 0.637	 0.044
 0.363	 0.956
 0.044	 0.363
 0.555	 0.619
 0.458	 0.377
 0.441	 0.592
 0.378	 0.547
 0.852	 0.888
 0.888	 0.148
 0.145	 0.892
 0.112	 0.148
 0.888	 0.780
 0.780	 0.113
 0.756	 0.707
 0.707	 0.244
 0.293	 0.756
 0.244	 0.293
 0.956	 0.826
 0.826	 0.044
 0.175	 0.963
 0.037	 0.175
 0.825	 0.963
 0.037	 0.825
 0.963	 0.175
 0.175	 0.037
 0.402	 0.354
 0.532	 0.394
 0.341	 0.473
 0.331	 0.515
 0.549	 0.480
 0.448	 0.423
 0.737	 0.491
 0.699	 0.469
 0.491	 0.263
 0.469	 0.301
 0.528	 0.696
 0.507	 0.738
 0.262	 0.507
 0.966	 0.328
 0.328	 0.034
 0.672	 0.966
 0.034	 0.672
 0.473	 0.462
 0.389	 0.465
 0.779	 0.574
 0.574	 0.221
 0.426	 0.778
 0.222	 0.425
 0.663	 0.881
 0.881	 0.337
 0.119	 0.663
 0.337	 0.119
 0.599	 0.653
 0.351	 0.594
 0.218	 0.898
 0.103	 0.219
 0.844	 0.542
 0.537	 0.154
 0.457	 0.843
 0.157	 0.457
 0.959	 0.593
 0.593	 0.041
 0.407	 0.959
 0.041	 0.407
 0.856	 0.454
 0.453	 0.144
 0.546	 0.856
 0.144	 0.546
 0.852	 0.406
 0.594	 0.852
 0.406	 0.148
 0.148	 0.594
 0.379	 0.390
 0.779	 0.904
 0.904	 0.221
 0.467	 0.664
 0.742	 0.638
 0.638	 0.258
 0.362	 0.742
 0.256	 0.356
 0.467	 0.547
 0.096	 0.778
 0.222	 0.096
 0.888	 0.630
 0.630	 0.113
 0.370	 0.887
 0.113	 0.370
 0.483	 0.964
 0.036	 0.483
 0.964	 0.517
 0.517	 0.036
 0.818	 0.669
 0.669	 0.182
 0.331	 0.818
 0.186	 0.334
 0.696	 0.899
 0.101	 0.696
 0.899	 0.304
 0.304	 0.101
 0.094	 0.960
 0.960	 0.906
 0.040	 0.094
 0.906	 0.040
 0.040	 0.906
 0.906	 0.960
 0.094	 0.040
 0.960	 0.094
 0.683	 0.678
 0.676	 0.325
 0.324	 0.675
 0.325	 0.324
 0.797	 0.538
 0.537	 0.202
 0.462	 0.797
 0.203	 0.461
 0.668	 0.540
 0.541	 0.331
 0.655	 0.403
 0.809	 0.472
 0.466	 0.192
 0.533	 0.808
 0.192	 0.533
 0.914	 0.568
 0.568	 0.086
 0.432	 0.914
 0.086	 0.432
 0.409	 0.502
 0.969	 0.676
 0.676	 0.032
 0.324	 0.968
 0.031	 0.324
 0.833	 0.603
 0.603	 0.167
 0.397	 0.833
 0.167	 0.397
 0.705	 0.608
 0.608	 0.295
 0.392	 0.705
 0.295	 0.392
 0.525	 0.971
 0.029	 0.522
 0.971	 0.475
 0.475	 0.029
 0.778	 0.359
 0.641	 0.778
 0.359	 0.222
 0.222	 0.641
 0.798	 0.698
 0.698	 0.202
 0.302	 0.798
 0.203	 0.303
 0.868	 0.813
 0.813	 0.132
 0.577	 0.401
 0.472	 0.622
 0.758	 0.789
 0.789	 0.242
 0.211	 0.758
 0.242	 0.211
 0.297	 0.529
 0.734	 0.833
 0.167	 0.734
 0.833	 0.266
 0.266	 0.167
 0.700	 0.426
 0.570	 0.702
 0.430	 0.298
 0.298	 0.570
 0.859	 0.739
 0.740	 0.141
 0.263	 0.854
 0.146	 0.263
 0.903	 0.704
 0.704	 0.097
 0.296	 0.903
 0.097	 0.296
 0.518	 0.595
 0.605	 0.371
 0.637	 0.966
 0.034	 0.637
 0.966	 0.363
 0.363	 0.034
 0.032	 0.968
 0.032	 0.032
 0.968	 0.968
 0.971	 0.029
 0.768	 0.468
 0.533	 0.768
 0.466	 0.233
 0.232	 0.533
 0.727	 0.675
 0.675	 0.273
 0.325	 0.727
 0.273	 0.325
 0.664	 0.479
 0.478	 0.337
 0.585	 0.448
 0.406	 0.429
 0.917	 0.645
 0.646	 0.084
 0.355	 0.917
 0.083	 0.355
 0.588	 0.580
 0.913	 0.854
 0.854	 0.087
 0.090	 0.862
 0.138	 0.090
 0.707	 0.743
 0.743	 0.293
 0.257	 0.707
 0.293	 0.257
 0.923	 0.525
 0.525	 0.077
 0.475	 0.923
 0.077	 0.475
