1054
126	517	193
125	518	194
128	519	195
127	520	196
93	223	320
149	320	223
95	224	322
151	322	224
113	234	345
114	235	346
115	236	347
116	237	348
64	236	372
45	237	373
7	234	370
26	235	371
76	374	238
57	375	239
19	376	240
38	377	241
85	464	203
86	465	204
87	466	205
88	467	206
8	234	7
26	27	235
64	65	236
45	46	237
75	76	238
56	57	239
18	19	240
37	38	241
75	238	288
56	239	289
18	240	290
37	241	291
89	324	360
90	325	361
126	193	341
125	194	342
128	195	343
127	196	344
120	435	214
118	434	213
119	427	212
117	426	211
113	345	525
114	346	526
115	347	527
116	348	528
169	310	225
170	312	226
172	311	228
171	309	227
203	464	409
204	465	410
205	466	411
206	467	412
89	360	292
90	361	293
91	294	362
92	295	363
214	435	335
213	434	334
91	362	350
351	92	363
119	290	240
120	291	241
117	288	238
118	289	239
212	427	325
211	426	324
72	225	332
53	226	333
15	227	330
34	228	331
133	198	330
199	331	134
135	200	332
201	333	136
74	75	288
55	56	289
18	290	17
36	37	291
62	63	266
43	44	267
5	6	264
24	25	265
77	78	268
58	59	269
21	270	20
39	40	271
135	422	419
133	421	417
136	424	420
134	423	418
135	310	422
136	312	424
133	309	421
134	311	423
125	272	518
126	273	517
127	274	520
128	275	519
161	256	260
162	257	261
163	258	262
259	263	164
155	372	236
156	373	237
153	370	234
154	371	235
157	238	374
158	239	375
159	240	376
160	241	377
121	260	256
122	261	257
123	262	258
124	263	259
149	272	305
150	273	306
151	274	307
152	275	308
125	215	305
126	216	306
127	217	307
128	218	308
145	254	349
148	479	359
133	337	198
199	134	338
135	339	200
201	136	340
145	313	254
93	254	313
170	403	312
169	401	310
172	404	311
171	402	309
89	301	211
90	302	212
91	303	213
92	304	214
62	266	452
43	267	454
5	264	453
24	265	455
78	457	268
59	456	269
21	459	270
40	458	271
101	315	298
102	316	297
103	317	300
104	318	299
223	356	405
113	364	234
114	365	235
153	234	364
154	235	365
137	301	242
89	242	301
138	302	243
90	243	302
139	303	244
91	244	303
140	304	245
92	245	304
129	232	453
130	230	452
130	456	230
131	233	455
129	457	232
231	454	132
231	132	458
131	459	233
135	225	310
133	227	309
136	226	312
134	228	311
149	219	320
150	220	321
151	221	322
152	222	323
71	72	332
52	53	333
15	330	14
33	34	331
61	452	230
42	454	231
60	230	456
79	232	457
4	453	232
23	455	233
41	231	458
22	233	459
12	246	413
31	247	414
69	248	415
50	249	416
91	213	334
92	214	335
137	521	207
138	522	208
139	523	209
140	524	210
109	337	203
110	338	204
111	339	205
112	340	206
120	451	291
119	450	290
118	449	289
117	448	288
141	215	315
142	216	316
143	217	317
144	218	318
97	207	326
98	208	327
99	209	328
100	210	329
89	211	324
90	212	325
106	229	388
163	388	229
141	560	215
142	561	216
143	562	217
144	563	218
129	453	264
131	455	265
130	452	266
129	268	457
130	269	456
132	454	267
131	270	459
132	271	458
125	497	215
126	496	216
127	499	217
128	498	218
148	359	224
192	359	479
106	405	356
85	203	471
86	204	472
87	205	473
88	206	474
207	521	525
208	522	526
209	523	527
210	524	528
125	305	272
126	306	273
127	307	274
128	308	275
117	211	513
119	212	515
118	213	514
120	214	516
146	313	296
223	555	356
190	379	319
147	319	379
105	470	349
202	349	470
115	244	407
116	245	408
147	255	357
8	345	234
27	346	235
65	347	236
46	348	237
135	332	225
136	333	226
133	330	227
134	331	228
97	444	207
98	445	208
99	446	209
100	447	210
202	506	549
96	259	380
259	164	380
10	11	352
29	30	353
67	68	354
48	49	355
137	280	508
281	509	138
139	282	510
283	511	140
61	230	535
42	231	536
60	535	230
41	536	231
79	537	232
4	232	537
22	538	233
23	233	538
129	360	268
131	361	270
157	268	360
155	362	266
159	270	361
156	363	267
130	266	362
132	267	363
146	356	555
224	359	406
316	496	297
315	497	298
318	498	299
317	499	300
197	357	378
107	378	357
109	203	409
110	204	410
111	205	411
112	206	412
149	305	460
150	306	461
151	307	462
152	308	463
137	207	500
138	208	501
139	209	502
140	210	503
96	550	425
137	242	521
138	243	522
139	244	523
140	245	524
93	555	223
141	315	250
101	250	315
142	316	252
143	317	251
103	251	317
102	252	316
144	318	253
104	253	318
138	509	302
137	508	301
140	511	304
139	510	303
254	547	349
148	224	358
95	358	224
81	305	560
82	306	561
215	560	305
216	561	306
83	307	562
84	308	563
217	562	307
218	563	308
113	525	521
114	526	522
115	527	523
116	528	524
121	429	284
182	284	429
122	430	285
183	285	430
123	431	286
184	286	431
124	432	287
185	287	432
169	225	531
170	226	532
171	227	533
172	228	534
149	460	219
150	461	220
151	462	221
152	463	222
137	366	280
281	138	367
139	368	282
283	140	369
190	549	506
49	50	416
68	69	415
30	31	414
12	413	11
61	62	452
42	43	454
4	5	453
24	455	23
78	79	457
59	60	456
21	22	459
40	41	458
150	530	470
117	513	250
118	514	251
119	515	252
120	516	253
260	384	161
261	386	162
262	389	163
164	263	390
106	356	229
108	406	359
147	383	395
97	284	444
98	285	445
99	286	446
100	287	447
11	413	352
30	414	353
68	415	354
49	416	355
149	223	405
151	224	406
93	320	256
94	321	257
95	322	258
96	323	259
53	532	226
72	531	225
34	534	228
15	533	227
260	85	384
261	86	386
87	389	262
88	390	263
126	341	297
128	343	299
125	342	298
127	344	300
202	470	530
141	280	560
142	281	561
143	282	562
283	563	144
145	296	313
147	395	319
182	444	284
183	445	285
184	446	286
185	447	287
91	350	244
92	351	245
109	409	276
178	276	409
110	410	277
179	277	410
278	111	411
278	411	180
112	412	279
181	279	412
229	529	507
191	507	529
326	207	525
208	526	327
328	209	527
210	528	329
211	508	513
212	509	515
213	510	514
214	511	516
115	523	244
116	524	245
203	417	471
204	418	472
205	419	473
206	420	474
161	547	254
162	548	255
163	229	428
146	296	336
80	314	433
94	255	379
173	471	417
175	472	418
174	473	419
176	474	420
115	407	236
155	236	407
116	408	237
156	237	408
97	436	276
98	437	277
278	99	438
100	439	279
80	433	336
92	335	295
91	334	294
97	276	484
98	277	485
278	486	99
100	279	487
113	521	364
242	364	521
114	522	365
243	365	522
158	434	239
160	435	241
157	426	238
159	427	240
118	239	434
120	241	435
117	238	426
119	240	427
141	250	513
142	252	515
143	251	514
144	253	516
117	250	448
119	252	450
118	251	449
120	253	451
191	433	358
95	258	428
163	428	258
89	504	242
90	505	243
244	350	407
351	408	245
146	555	313
130	558	269
132	559	271
101	310	401
103	312	403
102	309	402
104	311	404
158	294	334
160	295	335
9	345	8
27	28	346
65	66	347
46	47	348
12	442	246
31	443	247
69	440	248
50	441	249
192	381	359
157	360	324
159	361	325
80	336	296
167	415	477
415	248	477
6	370	264
25	371	265
159	376	270
157	374	268
160	377	271
158	375	269
20	270	376
77	268	374
39	271	377
58	269	375
63	372	266
44	373	267
155	266	372
156	267	373
202	549	349
80	296	382
107	275	378
152	378	275
197	425	550
108	359	381
101	401	250
103	403	251
102	402	252
104	404	253
147	379	255
173	297	341
174	298	342
175	299	343
176	300	344
264	370	556
265	371	557
153	556	370
154	557	371
141	513	508
142	515	509
143	514	510
144	516	511
148	314	479
148	358	433
153	504	292
154	505	293
211	301	508
212	302	509
213	303	510
214	304	511
246	475	413
165	413	475
414	247	476
166	414	476
416	249	478
168	416	478
93	468	254
94	469	255
161	254	468
162	255	469
129	264	556
131	265	557
158	269	558
160	271	559
186	525	345
187	526	346
188	527	347
189	528	348
260	121	397
261	122	398
262	123	399
124	400	263
93	313	555
121	256	488
122	257	489
123	258	490
124	259	491
81	280	366
82	281	367
83	282	368
84	283	369
260	464	85
261	465	86
87	262	466
88	263	467
161	468	256
162	469	257
93	256	468
94	257	469
165	276	436
277	437	166
278	438	167
279	439	168
201	493	333
199	495	331
200	492	332
198	494	330
178	409	464
179	410	465
180	411	466
181	412	467
80	382	319
137	500	366
138	501	367
139	502	368
140	503	369
173	421	297
102	297	421
175	423	299
174	422	298
101	298	422
104	299	423
176	424	300
103	300	424
149	405	272
151	406	274
150	470	273
129	292	360
131	293	361
130	362	294
132	363	295
255	548	357
169	288	448
170	289	449
171	290	450
172	291	451
106	272	405
108	274	406
190	319	382
81	560	280
82	561	281
83	562	282
84	563	283
106	518	272
107	519	275
108	520	274
74	288	393
55	289	394
17	290	391
36	291	392
178	397	284
121	284	397
122	285	398
179	398	285
123	286	399
180	399	286
124	287	400
181	400	287
97	484	284
98	485	285
99	486	286
100	487	287
109	276	475
110	277	476
278	167	477
112	279	478
165	475	276
277	166	476
278	477	111
279	168	478
178	484	276
179	485	277
278	180	486
181	487	279
141	508	280
142	509	281
143	510	282
283	144	511
174	342	473
173	341	471
176	344	474
175	343	472
169	393	288
170	394	289
171	391	290
172	392	291
161	385	547
162	387	548
109	564	337
110	565	338
111	566	339
112	567	340
145	382	296
153	364	504
154	365	505
129	556	292
131	557	293
158	558	294
160	559	295
178	284	484
179	285	485
180	286	486
181	287	487
155	350	362
351	363	156
80	395	314
177	314	395
81	543	460
82	544	461
83	545	462
84	546	463
96	425	323
198	337	564
199	338	565
200	339	566
201	340	567
105	517	470
273	470	517
146	336	529
7	370	6
25	26	371
63	64	372
44	45	373
76	77	374
57	58	375
19	20	376
38	39	377
219	460	543
461	544	220
462	545	221
463	546	222
203	337	417
204	338	418
205	339	419
206	340	420
81	460	305
82	461	306
83	462	307
84	463	308
169	531	393
170	532	394
172	534	392
171	533	391
73	74	393
54	55	394
16	17	391
35	36	392
34	35	534
15	16	533
53	54	532
72	73	531
153	292	556
154	293	557
130	294	558
132	295	559
121	488	429
219	429	488
122	489	430
220	430	489
123	490	431
221	431	490
124	491	432
222	432	491
89	292	504
90	293	505
174	419	422
173	417	421
176	420	424
175	418	423
192	396	380
96	380	396
102	421	309
101	422	310
104	423	311
103	424	312
229	356	529
219	488	320
321	220	489
221	490	322
222	491	323
126	297	496
125	298	497
128	299	498
127	300	499
177	395	383
108	512	520
191	336	433
150	321	530
191	529	336
12	13	442
31	32	443
69	70	440
50	51	441
342	540	473
471	341	539
344	542	474
343	541	472
108	381	512
190	382	549
80	319	395
0	536	41
1	535	60
1	61	535
0	42	536
4	537	2
2	537	79
3	23	538
22	3	538
94	379	506
147	357	383
197	383	357
165	352	413
166	353	414
167	354	415
355	416	168
182	543	366
183	544	367
184	545	368
185	546	369
148	433	314
152	323	425
9	480	345
28	481	346
186	345	480
187	346	481
66	482	347
47	483	348
188	347	482
189	348	483
157	324	426
159	325	427
215	497	315
216	496	316
217	499	317
218	498	318
158	334	434
160	335	435
96	396	550
133	417	337
134	418	338
135	419	339
136	420	340
161	384	385
193	385	384
162	386	387
195	387	386
163	389	388
194	388	389
186	551	326
187	552	327
188	553	328
189	554	329
97	326	436
98	327	437
99	328	438
100	329	439
177	479	314
250	401	448
252	402	450
251	403	449
253	404	451
242	504	364
243	505	365
182	429	543
183	430	544
184	431	545
185	432	546
105	349	547
9	10	480
28	29	481
66	67	482
47	48	483
192	380	381
13	14	494
32	33	495
70	71	492
51	52	493
155	407	350
351	156	408
164	381	380
191	358	507
95	507	358
33	331	495
14	330	494
52	333	493
71	332	492
320	488	256
257	321	489
258	322	490
259	323	491
94	530	321
190	506	379
182	366	500
183	367	501
184	368	502
185	369	503
152	425	378
186	326	525
187	327	526
188	328	527
189	329	528
109	475	564
110	476	565
112	478	567
197	378	425
70	492	440
51	493	441
200	440	492
201	441	493
32	495	443
13	494	442
198	442	494
199	443	495
246	564	475
247	565	476
249	567	478
207	444	500
208	445	501
209	446	502
210	447	503
107	357	548
193	539	341
342	194	540
195	541	343
196	542	344
10	352	480
29	353	481
67	354	482
48	355	483
186	480	352
187	481	353
188	482	354
355	189	483
248	566	477
111	477	566
145	349	549
260	397	464
261	398	465
262	399	466
263	400	467
146	529	356
326	551	436
327	552	437
328	553	438
329	554	439
145	549	382
169	448	401
170	449	403
171	450	402
172	451	404
165	551	352
166	552	353
167	553	354
355	168	554
186	352	551
187	353	552
188	354	553
355	554	189
178	464	397
179	465	398
180	466	399
181	467	400
105	385	517
193	517	385
106	388	518
107	387	519
194	518	388
195	519	387
177	396	479
192	479	396
196	520	512
164	512	381
177	383	550
197	550	383
248	440	566
249	441	567
200	566	440
201	567	441
246	442	564
247	443	565
198	564	442
199	565	443
81	366	543
82	367	544
83	368	545
84	369	546
164	390	512
85	539	384
193	384	539
194	389	540
87	540	389
86	541	386
195	386	541
196	390	542
88	542	390
229	507	428
85	471	539
86	472	541
87	473	540
88	474	542
196	512	390
219	543	429
220	544	430
221	545	431
222	546	432
95	428	507
73	393	531
54	394	532
16	391	533
35	392	534
182	500	444
183	501	445
184	502	446
185	503	447
105	547	385
107	548	387
177	550	396
94	506	530
165	436	551
166	437	552
167	438	553
168	439	554
202	530	506
