568
0
0
0.493276
0.499987
0.501359
0.507893
0.515539
0.525225
0.535842
0.551245
0.6562
0.650668
0.645306
0.628787
0.607373
0.579895
0.570494
0.551351
0.536284
0.525225
0.515124
0.507639
0.503046
0.474987
0.449988
0.424988
0.399989
0.374989
0.34999
0.32499
0.299991
0.274991
0.249991
0.224992
0.199992
0.174993
0.149993
0.124994
0.0999961
0.0749965
0.0499986
0.0249997
0
0
0
0
0
0
0
0
0
0
0
0
0
0
0
0
0
0
0
0.025
0.05
0.075
0.0999999
0.125
0.15
0.175
0.199999
0.224999
0.249999
0.274998
0.299997
0.324995
0.349994
0.374983
0.399963
0.424949
0.449735
0.470023
0.331448
0.39821
0.397507
0.178975
0.172277
0.506806
0.27274
0.272799
0.146282
0.432233
0.431967
0.090627
0.0904157
0.408604
0.344133
0.268103
0.234985
0.485746
0.333186
0.189388
0.0960941
0.332471
0.492119
0.0964983
0.189482
0.426611
0.332891
0.265815
0.218566
0.573161
0.27415
0.239158
0.0742909
0.489998
0.377189
0.131404
0.0589497
0.376651
0.063759
0.48514
0.135456
0.451001
0.330673
0.228895
0.164877
0.338696
0.451153
0.161918
0.219161
0.457836
0.0513352
0.457463
0.0513349
0.552647
0.222994
0.287403
0.063821
0.435302
0.393414
0.142062
0.116994
0.380985
0.442179
0.121324
0.156018
0.388762
0.353882
0.312551
0.277099
0.381472
0.390277
0.215845
0.219442
0.476794
0.414493
0.0925713
0.0440591
0.414419
0.0445764
0.47977
0.0910875
0.455104
0.299513
0.283913
0.197783
0.600296
0.308719
0.199138
0.0513505
0.334395
0.0463789
0.528694
0.172491
0.507877
0.301318
0.229634
0.116543
0.284584
0.52916
0.301327
0.230803
0.119351
0.451739
0.361294
0.183209
0.135871
0.522082
0.342331
0.16376
0.041949
0.355649
0.307834
0.24635
0.468214
0.307881
0.253103
0.172943
0.265089
0.58882
0.24548
0.260602
0.0434656
0.386262
0.544248
0.259903
0.262692
0.107128
0.485989
0.361833
0.160263
0.0941397
0.401822
0.450911
0.0882199
0.120091
0.369412
0.435381
0.146204
0.181989
0.40572
0.369195
0.212225
0.188096
0.377767
0.249819
0.306119
0.0387526
0.551388
0.198932
0.308569
0.0295114
0.0295114
0.474486
0.474429
0.502252
0.389147
0.118478
0.0318183
0.385591
0.0318183
0.504163
0.118425
0.447347
0.405306
0.118673
0.0852244
0.61309
0.278943
0.225392
0.0344395
0.360015
0.0895962
0.478337
0.16065
0.42029
0.311723
0.441188
0.329301
0.255479
0.198829
0.479084
0.302827
0.256602
0.166361
0.485731
0.436657
0.0677538
0.027621
0.435803
0.0280335
0.486068
0.0668701
0.349989
0.42307
0.197821
0.233419
0.564963
0.302682
0.214481
0.0848063
0.406273
0.411689
0.143393
0.146251
0.452719
0.331052
0.208145
0.130175
0.358902
0.0315597
0.521566
0.14519
0.45314
0.436363
0.0647493
0.0769716
0.360557
0.480595
0.327024
0.210051
0.126837
0.422374
0.421034
0.112905
0.110846
0.372911
0.415584
0.177576
0.199232
0.522453
0.316621
0.196296
0.0700882
0.386697
0.298276
0.353883
0.46205
0.11898
0.180522
0.336273
0.411759
0.358575
0.23891
0.212509
0.415052
0.459358
0.51126
0.341878
0.171124
0.0698255
0.580798
0.221394
0.281961
0.0289298
0.0687783
0.0995503
0.33226
0.566809
0.249878
0.262792
0.0727433
0.4854
0.309105
0.236609
0.144367
0.522041
0.360982
0.142373
0.028432
0.40624
0.0980005
0.0694177
0.628218
0.320387
0.182864
0.0275613
0.345187
0.285722
0.282154
0.248585
0.434795
0.458681
0.0745975
0.0589038
0.472018
0.398505
0.426397
0.386002
0.165401
0.144015
0.497667
0.41531
0.0879846
0.0199915
0.414341
0.0199915
0.501114
0.0879864
0.246872
0.333104
0.225291
0.21975
0.361
0.289153
0.480041
0.452104
0.27665
0.273548
0.307921
0.284965
0.174231
0.545459
0.164887
0.337541
0.0206839
0.311742
0.25637
0.477054
0.312082
0.233922
0.144624
0.340291
0.504242
0.0730238
0.17399
0.358663
0.225372
0.112061
0.0570939
0.54329
0.280602
0.240526
0.104061
0.623759
0.298422
0.204683
0.0266864
0.534756
0.236414
0.284274
0.0951802
0.513656
0.308624
0.212726
0.0957666
0.239858
0.396099
0.481091
0.282721
0.426176
0.352181
0.206483
0.15926
0.306074
0.0531374
0.113535
0.512166
0.322978
0.190528
0.0712273
0.242819
0.0242605
0.615709
0.259909
0.469026
0.353343
0.177342
0.114058
0.354704
0.0605283
0.502983
0.15609
0.0475065
0.487354
0.0204667
0.454906
0.0204667
0.454889
0.0475064
0.487092
0.395318
0.392261
0.198526
0.196171
0.512572
0.289394
0.249534
0.134204
0.432759
0.32084
0.407219
0.519408
0.249843
0.285393
0.127411
0.592549
0.288993
0.219961
0.0565231
0.271212
0.544874
0.339316
0.162797
0.0192209
0.484573
0.316774
0.21038
0.107219
0.427663
0.347551
0.23099
0.188132
0.263575
0.0196052
0.60312
0.23854
0.45725
0.347415
0.197864
0.138755
0.447822
0.372113
0.164452
0.120906
0.454937
0.417835
0.361787
0.295254
0.402982
0.428221
0.118924
0.132808
0.196515
0.382818
0.0963584
0.457338
0.141658
0.440313
0.327499
0.251476
0.19424
0.467905
0.381757
0.138167
0.0843122
0.498948
0.358315
0.151758
0.0580848
0.329163
0.369046
0.320118
0.0213644
0.558366
0.182333
0.0162267
0.0162267
0.483193
0.487291
0.492644
0.292561
0.256964
0.153764
0.422715
0.375098
0.189945
0.165408
0.43273
0.287527
0.378056
0.263896
0.530672
0.327709
0.180995
0.0518674
0.374535
0.471022
0.432976
0.0470407
0.07049
0.389883
0.416749
0.15164
0.166639
0.593826
0.266316
0.241206
0.0513088
