145
0
0.499981
0.487843
0
0.0624971
0.124994
0.187492
0.249989
0.312487
0.374985
0.437483
0.513371
0.542077
0.583281
0.610555
0.583281
0.542077
0.51332
0.437107
0.374961
0.312489
0.249996
0.187499
0.125
0.0625
0
0
0
0
0
0
0
0.320646
0.411509
0.142756
0.142756
0.411509
0.19408
0.0651236
0.321724
0.27988
0.448306
0.381614
0.23323
0.0791539
0.163753
0.0791539
0.23323
0.0651236
0.51703
0.51703
0.47278
0.448306
0.381614
0.321725
0.19408
0.27988
0.0946393
0.0315502
0.157696
0.129756
0.220704
0.168793
0.102016
0.283652
0.258061
0.299894
0.234749
0.364349
0.346267
0.212073
0.346537
0.409358
0.385121
0.472121
0.428271
0.259233
0.186962
0.329158
0.309036
0.396882
0.35886
0.27898
0.033863
0.0714819
0.0377797
0.112902
0.0411447
0.156955
0.122087
0.122087
0.0828113
0.156955
0.112902
0.0411447
0.201358
0.243025
0.201358
0.27898
0.186962
0.0377797
0.0714819
0.033863
0.102016
0.0315502
0.493299
0.528972
0.476896
0.568888
0.463234
0.568888
0.542496
0.500829
0.500829
0.463234
0.449849
0.449849
0.528973
0.493299
0.476896
0.472045
0.428272
0.431113
0.431113
0.400526
0.396882
0.35886
0.409356
0.346539
0.385122
0.283654
0.364349
0.220705
0.258061
0.234749
0.299894
0.168793
0.212073
0.346267
0.157697
0.0946394
0.129757
0.329158
0.259233
0.309036
