417
0
0
1.49897
1.50774
0.0624971
0.124994
0.187492
0.249989
0.312487
0.374985
0.437483
0.499981
0.565893
0.629139
0.692245
0.755345
0.818444
0.881543
0.944641
1.00774
1.07024
1.13274
1.19524
1.25774
1.32024
1.38274
1.44524
1.52282
1.55351
1.5981
1.62755
1.59071
1.54542
1.51438
1.43647
1.37397
1.31148
1.24898
1.18648
1.12398
1.06148
0.998987
0.936489
0.873992
0.811495
0.749
0.686508
0.62402
0.561544
0.499109
0.437107
0.374961
0.312489
0.249996
0.187499
0.125
0.0625
0
0
0
0
0
0
0
0.320646
1.3781
0.890951
1.42663
1.17787
0.142756
0.411509
0.142756
0.918544
0.666365
1.12213
1.17318
1.41918
0.917246
0.66631
0.632362
0.411509
1.2089
1.08446
1.33361
1.30208
1.45846
1.41045
1.28505
0.0651236
0.19408
0.27988
0.321725
0.23323
0.381614
0.448306
0.0791539
0.0791539
0.163753
0.0651236
0.23323
0.952518
0.826351
0.792459
0.700228
0.900504
0.774312
0.574228
1.04448
1.15265
1.07874
1.15488
1.24924
1.04702
1.28105
1.45019
1.52803
1.50424
1.53509
1.4043
0.949527
1.02572
0.997153
1.02684
0.900127
0.574108
0.699403
0.791988
0.8245
0.774272
0.539747
0.448306
0.647301
0.517794
0.763715
0.484997
0.381614
1.32573
1.20176
1.29565
0.19408
0.321724
0.27988
0.539748
0.517795
0.647301
1.10627
1.04393
1.16866
1.14663
1.23108
1.19122
1.12916
1.29352
1.27123
1.31568
1.2534
1.37802
1.36432
1.23993
1.35597
1.41843
1.39603
1.48091
1.4404
1.29247
1.23022
1.35464
1.34816
1.41687
1.40543
1.33786
0.0315502
0.0946394
0.129757
0.157697
0.102016
0.168793
0.220705
0.212073
0.234749
0.299894
0.258061
0.346267
0.364349
0.283654
0.186962
0.259233
0.309036
0.329158
0.27898
0.35886
0.396882
0.346539
0.385122
0.409356
0.428272
0.472045
0.033863
0.0377797
0.0714819
0.0411447
0.112902
0.0411447
0.0828113
0.122087
0.122087
0.112902
0.156955
0.156955
0.0377797
0.033863
0.0714819
0.0315502
0.102016
0.201358
0.201358
0.243025
0.186962
0.27898
0.976508
0.913411
0.889431
0.850314
0.933306
0.870236
0.787217
0.855495
0.80718
0.744142
0.763281
0.729427
0.681124
0.72412
0.907843
0.844805
0.837445
0.781758
0.8954
0.832245
0.718654
0.661023
0.637204
0.597926
0.618113
0.534833
1.01395
1.05944
1.03712
1.09727
1.10865
1.089
1.14323
1.16136
1.12407
1.1444
1.18548
1.20837
1.20679
1.16452
1.21957
1.21667
1.09064
1.09968
1.06298
1.11197
1.01782
1.27074
1.22582
1.27278
1.31342
1.33506
1.47235
1.49599
1.48203
1.535
1.43248
1.47223
1.5834
1.46589
1.52147
1.52635
1.56551
1.47253
1.47959
1.58853
1.40999
1.46032
1.44458
1.46495
1.40055
1.54273
1.48986
1.50417
0.97209
0.995172
0.980684
1.03354
0.931284
0.970161
1.08006
0.962774
1.01735
1.01785
1.05927
0.963475
0.971384
1.08087
0.907084
0.955345
0.936995
0.955627
0.895257
1.03531
0.982561
0.997889
0.534583
0.597096
0.636794
0.6596
0.618038
0.680858
0.7221
0.729225
0.743556
0.806175
0.761965
0.854649
0.868745
0.784598
0.718609
0.781588
0.837293
0.844394
0.832208
0.847095
0.887018
0.909593
0.511329
0.472121
0.555057
0.491803
0.603188
0.475916
0.428271
0.655391
0.591807
0.58303
0.527734
0.640656
0.574964
0.462896
0.710988
0.768878
0.705107
0.827571
0.698995
0.450951
0.396882
0.506957
0.435168
0.561637
0.403715
0.35886
1.40995
1.34758
1.38792
1.28526
1.37039
1.22301
1.26366
1.2467
1.30845
1.18522
1.23427
1.35731
1.16086
1.09886
1.14008
1.34838
1.28703
1.34289
0.0946393
0.157696
0.129756
0.220704
0.168793
0.283652
0.258061
0.299894
0.234749
0.364349
0.346267
0.212073
0.346537
0.409358
0.385121
0.259233
0.329158
0.309036
0.511299
0.491804
0.555041
0.475917
0.603177
0.462896
0.527734
0.583031
0.591808
0.574964
0.640656
0.655382
0.450951
0.435168
0.506957
0.710981
0.705108
0.768871
