568
0
0
1
1
1
1
1
1
1
1
1
1
1
1
1
1
1
1
1
1
1
1
1
0.95
0.9
0.85
0.8
0.75
0.7
0.65
0.6
0.55
0.5
0.45
0.4
0.35
0.3
0.25
0.2
0.15
0.1
0.05
0
0
0
0
0
0
0
0
0
0
0
0
0
0
0
0
0
0
0
0.05
0.1
0.15
0.2
0.25
0.3
0.35
0.4
0.45
0.5
0.55
0.6
0.65
0.7
0.75
0.8
0.85
0.9
0.95
0.500798
0.707143
0.707143
0.292857
0.292857
0.780314
0.5
0.5
0.219686
0.828981
0.828981
0.169682
0.169008
0.637855
0.566986
0.433014
0.359843
0.846764
0.639817
0.360183
0.153236
0.639693
0.845985
0.154015
0.360307
0.666618
0.558699
0.441301
0.333827
0.887954
0.53468
0.46532
0.112046
0.903035
0.741048
0.256015
0.102726
0.737094
0.110362
0.889608
0.262965
0.743873
0.596525
0.403475
0.256035
0.611812
0.745855
0.254145
0.388096
0.899819
0.10018
0.89982
0.10018
0.903082
0.436052
0.563158
0.0970895
0.796296
0.739828
0.260172
0.203704
0.714642
0.793385
0.206615
0.285358
0.590323
0.549717
0.490377
0.422733
0.642499
0.651952
0.348048
0.357501
0.911592
0.816734
0.181726
0.081612
0.818274
0.0827909
0.918388
0.179012
0.695809
0.51484
0.485968
0.298137
0.920042
0.608396
0.391604
0.0799582
0.660257
0.0749902
0.92501
0.339743
0.821785
0.568799
0.431201
0.178215
0.432542
0.817943
0.567593
0.432407
0.182057
0.777698
0.668203
0.331797
0.222302
0.931034
0.677062
0.322987
0.0687976
0.553798
0.479658
0.371774
0.736398
0.55203
0.447837
0.262648
0.418035
0.93469
0.484988
0.51522
0.0652697
0.615394
0.839066
0.4949
0.499912
0.160934
0.843199
0.696705
0.303647
0.157139
0.773162
0.841739
0.158041
0.226808
0.67564
0.759051
0.240949
0.32436
0.696451
0.645265
0.354689
0.303549
0.607954
0.392289
0.606211
0.0603417
0.939677
0.393701
0.503693
0.0584335
0.0584335
0.941566
0.941567
0.945177
0.772719
0.234566
0.0564522
0.765434
0.0564522
0.943548
0.234566
0.839644
0.779534
0.224923
0.152915
0.947802
0.553193
0.446958
0.0521976
0.694565
0.149242
0.850987
0.305441
0.640415
0.511023
0.695618
0.569185
0.431606
0.304635
0.746979
0.543645
0.456355
0.252192
0.946225
0.867499
0.134291
0.0529264
0.865709
0.0537753
0.947074
0.1325
0.606272
0.693514
0.309769
0.393735
0.869582
0.586519
0.413481
0.130418
0.7423
0.749179
0.250821
0.2577
0.795608
0.617013
0.382987
0.204826
0.712107
0.0533684
0.946629
0.287899
0.877052
0.851749
0.122948
0.148251
0.54784
0.801298
0.611386
0.388614
0.198702
0.796736
0.793859
0.206528
0.202
0.658989
0.711023
0.28929
0.341003
0.889936
0.618373
0.381529
0.110085
0.593115
0.450656
0.666245
0.805938
0.193946
0.333755
0.514948
0.665924
0.608377
0.391655
0.334076
0.808641
0.875101
0.886395
0.667712
0.331881
0.113658
0.956115
0.43966
0.560265
0.0439032
0.126537
0.191588
0.508948
0.890797
0.486956
0.512403
0.109218
0.779236
0.568504
0.431632
0.220658
0.952373
0.717245
0.28248
0.0483144
0.62697
0.188672
0.127889
0.956246
0.636885
0.363161
0.0437431
0.55503
0.458194
0.440935
0.37829
0.851517
0.888432
0.144941
0.111677
0.887512
0.779815
0.756151
0.706533
0.293467
0.243849
0.956021
0.826198
0.175
0.037254
0.825
0.037254
0.962746
0.175
0.401593
0.532062
0.340817
0.331492
0.548727
0.448252
0.737489
0.698639
0.491405
0.468616
0.528458
0.50697
0.261849
0.966241
0.328148
0.671853
0.0337586
0.473497
0.388785
0.779169
0.573952
0.425835
0.221782
0.663391
0.881489
0.118544
0.336596
0.59856
0.350725
0.218114
0.102946
0.84362
0.536541
0.457435
0.157395
0.95886
0.593144
0.406856
0.0411399
0.856011
0.453077
0.546187
0.144009
0.851775
0.593565
0.406254
0.148249
0.378626
0.778689
0.904145
0.467008
0.742085
0.63835
0.361645
0.25608
0.466593
0.095543
0.221933
0.887577
0.630107
0.369992
0.112711
0.48295
0.0364269
0.96357
0.517089
0.818209
0.669198
0.330802
0.185977
0.695576
0.100729
0.899302
0.304432
0.0944579
0.959941
0.0400585
0.905542
0.0400585
0.905542
0.0944579
0.959942
0.682694
0.676006
0.323994
0.325317
0.797388
0.537409
0.461659
0.202748
0.668345
0.5405
0.655172
0.808719
0.46586
0.533496
0.192251
0.913884
0.568379
0.432014
0.0861159
0.409292
0.968588
0.675906
0.32407
0.0314799
0.833103
0.602727
0.397273
0.166969
0.704963
0.608379
0.391621
0.295037
0.525
0.0294555
0.970555
0.475
0.777792
0.641389
0.358596
0.222189
0.797924
0.697855
0.302192
0.202679
0.867605
0.812666
0.576974
0.471984
0.758169
0.789461
0.210558
0.241688
0.296784
0.733657
0.166671
0.833326
0.266348
0.700257
0.56984
0.43016
0.29796
0.859383
0.739511
0.263189
0.146102
0.902616
0.703551
0.296449
0.097384
0.518199
0.605452
0.636925
0.0339046
0.966098
0.363064
0.0323699
0.0323699
0.96763
0.971138
0.767982
0.532901
0.465697
0.231918
0.727496
0.674831
0.325163
0.27319
0.66389
0.47832
0.584846
0.406364
0.917216
0.645777
0.355367
0.082982
0.587788
0.912958
0.853828
0.0898428
0.138184
0.707286
0.742743
0.257257
0.292714
0.922815
0.524704
0.475313
0.0771821
