568
0
0
0.989838
0.997165
1.00289
1.00459
1
1
1
0.999966
0.997121
0.9975
1.00069
1.00025
0.999982
1.00006
1.00087
0.995898
0.995986
0.996628
0.997523
0.997466
0.997165
0.94718
0.89718
0.847325
0.797333
0.747333
0.697333
0.647333
0.597554
0.547577
0.497577
0.447584
0.397957
0.347957
0.298033
0.249695
0.199697
0.149868
0.0998741
0.05
0
0
0
0
0
0
0
0
0
0
0
0
0
0
0
0
0
0
0
0.05
0.1
0.15
0.2
0.25
0.3
0.35
0.4
0.45
0.5
0.55
0.6
0.65
0.7
0.75
0.8
0.85
0.9
0.946091
0.500798
0.707143
0.707982
0.292857
0.292857
0.777959
0.50477
0.5
0.219686
0.828982
0.825553
0.169682
0.169008
0.644418
0.566986
0.433014
0.359843
0.846747
0.638858
0.360183
0.153236
0.639693
0.846968
0.154015
0.36398
0.666618
0.558699
0.441301
0.333827
0.8856
0.533585
0.465321
0.112046
0.903035
0.738514
0.256015
0.102726
0.737094
0.110362
0.885584
0.265556
0.74386
0.601977
0.403475
0.256035
0.611812
0.745854
0.254145
0.388096
0.899821
0.10018
0.897286
0.10018
0.903072
0.434917
0.563158
0.0970895
0.796296
0.736232
0.260172
0.203704
0.714642
0.793893
0.206615
0.285358
0.590323
0.559135
0.490377
0.422733
0.6425
0.651952
0.348048
0.357501
0.911592
0.814202
0.181726
0.081612
0.818274
0.0827909
0.914987
0.18096
0.693775
0.514839
0.485968
0.298137
0.917531
0.605854
0.391604
0.0799582
0.660257
0.0749902
0.925973
0.33852
0.821784
0.568799
0.435247
0.178215
0.432542
0.815582
0.564796
0.432407
0.182057
0.777698
0.664497
0.331797
0.222302
0.931014
0.674526
0.322987
0.0687976
0.553798
0.479658
0.371774
0.736381
0.55203
0.447837
0.262648
0.418035
0.934952
0.482779
0.51522
0.0652697
0.615394
0.836711
0.492581
0.499912
0.160934
0.843199
0.695745
0.303647
0.157139
0.773162
0.837978
0.158041
0.226808
0.67564
0.759958
0.240949
0.32436
0.696452
0.645731
0.354689
0.303548
0.607953
0.392289
0.606211
0.0603417
0.939741
0.392474
0.503693
0.0584335
0.0584335
0.94388
0.93902
0.945177
0.770185
0.234566
0.0564522
0.765434
0.0564522
0.939534
0.236186
0.839647
0.776103
0.224923
0.152915
0.945451
0.550972
0.446958
0.0521976
0.694565
0.149242
0.851478
0.309026
0.638597
0.511022
0.695608
0.569177
0.431606
0.304635
0.744548
0.549049
0.456355
0.252192
0.946226
0.864822
0.134291
0.0529264
0.865709
0.0537753
0.944579
0.133869
0.606272
0.693514
0.309769
0.393735
0.867255
0.585474
0.413481
0.130418
0.7423
0.749705
0.250821
0.2577
0.795594
0.613719
0.382987
0.204826
0.712107
0.0533684
0.942618
0.287015
0.877054
0.84926
0.122948
0.148251
0.54784
0.801298
0.611386
0.388843
0.198702
0.796736
0.790263
0.206528
0.202
0.658989
0.711024
0.28929
0.341003
0.890965
0.618373
0.379577
0.110085
0.599523
0.450656
0.666245
0.806865
0.193946
0.333977
0.514948
0.665924
0.608376
0.391655
0.334076
0.808641
0.871683
0.886374
0.666744
0.331881
0.113658
0.956102
0.437511
0.560265
0.0439032
0.126537
0.191588
0.523584
0.88851
0.485851
0.512403
0.109218
0.779238
0.568504
0.431661
0.220658
0.952374
0.714705
0.28248
0.0483144
0.62697
0.188672
0.127889
0.953484
0.634348
0.363161
0.0437431
0.55503
0.458194
0.440935
0.37829
0.851519
0.88503
0.144941
0.111677
0.887515
0.777242
0.756151
0.702589
0.293467
0.243849
0.956021
0.823523
0.175
0.037254
0.825
0.037254
0.959352
0.1742
0.401593
0.532062
0.340817
0.331492
0.548727
0.448252
0.735632
0.698828
0.491405
0.468615
0.528458
0.506971
0.261849
0.967119
0.326028
0.671853
0.0337586
0.473497
0.388785
0.776252
0.57928
0.425835
0.221782
0.663391
0.882452
0.118544
0.340051
0.598561
0.350725
0.218114
0.102946
0.841254
0.534308
0.457435
0.157395
0.956355
0.590705
0.406856
0.0411399
0.856145
0.451093
0.546188
0.144009
0.851774
0.593565
0.40981
0.148249
0.378626
0.778689
0.900387
0.467008
0.742085
0.643798
0.361645
0.25608
0.466593
0.095543
0.224169
0.887487
0.629016
0.369992
0.112711
0.48295
0.0364269
0.964039
0.514868
0.818209
0.668392
0.330802
0.185977
0.695576
0.100729
0.894939
0.306891
0.0944579
0.94962
0.0400585
0.902715
0.0400585
0.908962
0.0985976
0.957408
0.682694
0.676043
0.323994
0.325317
0.794959
0.541862
0.461659
0.202748
0.673696
0.5405
0.655172
0.806551
0.470141
0.533496
0.192251
0.911527
0.567227
0.432014
0.0861159
0.409292
0.968557
0.673232
0.32407
0.0314799
0.830285
0.599985
0.397273
0.166969
0.704963
0.61463
0.391621
0.295037
0.525
0.0294555
0.970812
0.472564
0.777846
0.641389
0.358618
0.222189
0.797924
0.694258
0.302192
0.202679
0.867605
0.809267
0.576974
0.471984
0.758169
0.789877
0.210558
0.241688
0.296784
0.733657
0.166671
0.833832
0.266348
0.700257
0.56984
0.43016
0.29796
0.859383
0.73851
0.263189
0.146102
0.902616
0.700936
0.296449
0.097384
0.5182
0.605452
0.636925
0.0339046
0.967099
0.361741
0.0323699
0.0323699
0.967044
0.968309
0.768105
0.532901
0.465701
0.231918
0.727496
0.67563
0.325163
0.27319
0.662319
0.47832
0.584846
0.406364
0.91719
0.643224
0.355367
0.082982
0.594
0.912959
0.851295
0.0898428
0.13833
0.707286
0.743582
0.257257
0.292714
0.920462
0.522462
0.475313
0.0771821
