568
0
0
0.489787
0.49998
0.50063
0.508643
0.51703
0.527399
0.539684
0.554479
0.571675
0.590594
0.610335
0.627077
0.610925
0.590464
0.571054
0.552948
0.536618
0.52541
0.516842
0.509759
0.504311
0.47498
0.449981
0.424983
0.399985
0.374989
0.34999
0.32499
0.299991
0.274991
0.249991
0.224992
0.199992
0.174993
0.149993
0.124994
0.0999961
0.0749965
0.0499986
0.0249997
0
0
0
0
0
0
0
0
0
0
0
0
0
0
0
0
0
0
0
0.025
0.05
0.075
0.0999999
0.125
0.15
0.175
0.199999
0.224999
0.249999
0.274999
0.299997
0.324996
0.349994
0.374983
0.399959
0.424942
0.449679
0.468048
0.331282
0.399509
0.400948
0.1723
0.172278
0.50533
0.274421
0.2728
0.14628
0.434558
0.43299
0.090627
0.0904157
0.406784
0.344153
0.266856
0.234541
0.495099
0.333439
0.189412
0.0960941
0.334346
0.495564
0.0964983
0.189645
0.425979
0.331934
0.265823
0.21852
0.556827
0.274401
0.241032
0.0742909
0.492409
0.377372
0.131463
0.0589497
0.381532
0.063759
0.485961
0.135458
0.455562
0.333149
0.228115
0.164877
0.338607
0.452769
0.161917
0.219254
0.459064
0.0513352
0.459593
0.0513349
0.555017
0.223003
0.288575
0.063821
0.437503
0.394279
0.142148
0.116994
0.382367
0.443026
0.121327
0.156038
0.388379
0.353031
0.312375
0.277046
0.381833
0.39129
0.215833
0.219441
0.478977
0.416657
0.0925713
0.0440591
0.415457
0.0445764
0.479352
0.0910875
0.454075
0.300392
0.282721
0.197775
0.545206
0.308739
0.199158
0.0513505
0.334495
0.0463789
0.528978
0.172492
0.509411
0.30198
0.229816
0.116543
0.284391
0.506438
0.301726
0.230832
0.119351
0.448904
0.361696
0.183272
0.13587
0.52654
0.342417
0.163777
0.041949
0.355347
0.307286
0.246326
0.468012
0.308867
0.253728
0.172868
0.264926
0.590588
0.245492
0.261205
0.0434656
0.385252
0.541569
0.259999
0.263144
0.107128
0.474604
0.363049
0.16028
0.0941378
0.403941
0.451744
0.0882255
0.120095
0.369703
0.437798
0.146199
0.182038
0.413102
0.371358
0.209735
0.188095
0.375387
0.249733
0.306232
0.0387526
0.556933
0.198952
0.306966
0.0295114
0.0295114
0.474864
0.476228
0.505763
0.393089
0.118478
0.0318183
0.38585
0.0318183
0.503486
0.118425
0.449899
0.406084
0.118673
0.0852244
0.581359
0.278953
0.224712
0.0344395
0.360985
0.0895823
0.478859
0.160654
0.419751
0.311717
0.438655
0.330538
0.25361
0.198829
0.476378
0.304683
0.25623
0.166361
0.487219
0.439239
0.0677538
0.027621
0.436118
0.0280335
0.487743
0.0668701
0.350517
0.423931
0.197668
0.233453
0.526855
0.30292
0.214517
0.0848063
0.407018
0.412283
0.143399
0.14626
0.476094
0.331495
0.208191
0.130175
0.35897
0.0315597
0.52227
0.14519
0.455143
0.437424
0.0647493
0.0769716
0.360166
0.482618
0.327483
0.210322
0.126837
0.424735
0.421867
0.112908
0.110846
0.37295
0.417782
0.177572
0.199268
0.526359
0.316603
0.196298
0.0700882
0.386021
0.298245
0.354979
0.465421
0.118972
0.180536
0.335733
0.408751
0.359642
0.237388
0.212509
0.417714
0.457657
0.506319
0.342198
0.171167
0.0698255
0.583928
0.221408
0.281875
0.0289298
0.0687783
0.0995603
0.331677
0.567721
0.249889
0.264514
0.0727433
0.486413
0.308429
0.236852
0.144282
0.524426
0.361034
0.142373
0.028432
0.405178
0.0980005
0.0694177
0.553764
0.320446
0.182868
0.0275613
0.34364
0.285596
0.281856
0.24854
0.436549
0.459732
0.0745975
0.0589038
0.474472
0.398761
0.42572
0.386675
0.165439
0.144014
0.499609
0.417917
0.0879846
0.0199915
0.414489
0.0199915
0.501447
0.0879864
0.246751
0.333023
0.225285
0.219715
0.36062
0.288919
0.479211
0.451382
0.278816
0.273678
0.307172
0.285336
0.174215
0.545993
0.164887
0.337593
0.0206839
0.310983
0.256221
0.482969
0.313022
0.233924
0.144624
0.340292
0.50541
0.0730238
0.173993
0.357689
0.225231
0.112061
0.0570939
0.529903
0.28074
0.24056
0.104061
0.571486
0.298429
0.204687
0.0266864
0.536549
0.236503
0.285353
0.0951802
0.515983
0.310174
0.21284
0.0957666
0.239858
0.399035
0.480086
0.281059
0.4399
0.355462
0.205423
0.159259
0.305468
0.0531374
0.113537
0.520106
0.323112
0.190568
0.0712273
0.242373
0.0242605
0.604197
0.259918
0.469948
0.353653
0.177382
0.114057
0.35476
0.0605283
0.503641
0.156092
0.0475065
0.488266
0.0204667
0.456628
0.0204667
0.455087
0.0475064
0.489106
0.395451
0.394341
0.1957
0.196171
0.506293
0.290264
0.249555
0.134204
0.431326
0.321481
0.407123
0.517078
0.25003
0.285688
0.127411
0.557391
0.289016
0.223601
0.0565231
0.271186
0.54635
0.339354
0.162797
0.0192209
0.501274
0.317099
0.210406
0.107219
0.430236
0.34936
0.229136
0.188132
0.263242
0.0196052
0.605724
0.238548
0.459428
0.347757
0.197894
0.138751
0.450245
0.372442
0.164525
0.120904
0.457268
0.4182
0.361292
0.294111
0.405448
0.429009
0.11893
0.132833
0.196467
0.383805
0.0963691
0.458127
0.141663
0.440174
0.327673
0.251537
0.194194
0.470283
0.382527
0.13818
0.0843122
0.503261
0.358517
0.151808
0.0580848
0.328191
0.369126
0.320175
0.0213644
0.558609
0.182376
0.0162267
0.0162267
0.482224
0.488057
0.49234
0.290692
0.262903
0.153706
0.420034
0.378542
0.187685
0.165407
0.43184
0.287544
0.377745
0.263597
0.530588
0.327823
0.181019
0.0518674
0.373329
0.472846
0.435213
0.0470407
0.07049
0.390168
0.41927
0.151637
0.166716
0.579411
0.266328
0.242599
0.0513088
